% Note: columns(patterns) = 441
% X [ -2.9369, 2.8666 ]
% Y [ -3.0484, 2.9243 ]

patterns = [

   -0.2701,    2.3240;    
    2.8666,   -2.7761;    
    1.9628,    1.4013;    
    1.1378,    2.9243;    
   -0.9412,    2.8027;    
   -0.5923,   -1.7931;    
    2.1128,   -1.3024;    
    2.8666,   -1.7931;    
    1.1378,    2.0433;    
   -1.8860,    2.9243;    
   -1.8860,    2.3240;    
    1.9628,   -1.3024;    
   -2.4850,   -3.0484;    
    2.2370,   -0.8842;    
    1.9628,   -1.9031;    
    1.3606,    0.5511;    
    1.9628,   -1.7931;    
   -1.8973,   -1.3962;    
   -0.5923,   -0.8842;    
    2.1128,   -1.9031;    
    2.2370,    2.3240;    
   -2.4850,   -0.5885;    
   -1.1384,   -1.3962;    
   -1.3664,    0.5511;    
         0,    1.4013;    
   -2.9369,    0.8699;    
    1.1378,   -3.0484;    
   -1.8860,    2.0433;    
    2.2370,    0.8699;    
   -1.8860,    2.8027;    
   -1.1384,    1.2464;    
         0,    1.7445;    
    0.9481,    2.3240;    
    2.6259,    0.3226;    
   -1.8860,    1.2464;    
    1.3606,    2.3240;    
   -1.1384,   -0.2792;    
   -0.9412,   -2.7761;    
   -0.9412,    2.3240;    
   -1.1384,   -2.7761;    
   -0.5923,         0;    
   -2.9369,    2.3240;    
    1.9628,    2.0433;    
    0.2933,    1.2464;    
         0,    2.9243;    
    0.9481,   -0.8842;    
   -0.9412,    0.3226;    
   -1.1384,    0.3226;    
   -1.8973,   -0.5885;    
    1.3606,   -2.7761;    
    0.6269,    0.3226;    
    2.2370,   -2.2171;    
    2.2370,   -1.7931;    
    0.6269,   -3.0484;    
    1.1378,   -1.3024;    
   -0.2701,   -0.2792;    
   -1.8860,   -2.2171;    
   -0.9412,         0;    
   -2.9369,   -1.3024;    
   -0.5923,    0.5511;    
   -1.1384,    1.7445;    
    1.3606,    1.7445;    
   -1.8973,    1.4013;    
    2.8666,    2.0433;    
    2.8666,    0.5511;    
    2.8666,    1.2464;    
   -1.3664,   -1.9031;    
         0,    0.5511;    
    2.1128,    0.3226;    
    0.9481,   -1.3024;    
   -1.3664,    0.8699;    
   -0.5923,   -1.9031;    
   -0.5923,    2.9243;    
         0,   -1.9031;    
    1.3606,    1.4013;    
   -2.4850,    1.4013;    
   -2.9369,    2.8027;    
    0.2933,    1.7445;    
    1.1378,   -0.5885;    
   -2.4850,   -1.7931;    
   -2.9369,    2.0433;    
    2.1128,    2.0433;    
    2.6259,    1.4013;    
   -1.3664,         0;    
   -2.4850,   -2.2171;    
   -2.7638,   -1.7931;    
   -2.7638,    0.3226;    
    0.9481,    0.8699;    
   -2.4850,   -0.8842;    
    2.6259,    0.5511;    
    0.6269,    2.0433;    
    0.6269,   -1.3024;    
   -2.4850,   -1.3024;    
   -2.9369,    1.2464;    
    1.9628,    2.9243;    
    2.8666,   -1.3962;    
    2.1128,    2.3240;    
    1.9628,   -0.2792;    
    2.1128,   -0.2792;    
   -1.1384,   -1.9031;    
    0.6269,   -0.2792;    
    2.6259,   -0.8842;    
    0.6269,    1.7445;    
   -1.8973,         0;    
   -1.8860,   -0.8842;    
   -1.8973,    1.2464;    
   -2.4850,   -1.9031;    
    1.1378,   -0.8842;    
   -1.8973,    0.5511;    
    0.2933,    0.8699;    
   -2.9369,   -1.7931;    
    1.9628,   -2.2171;    
    0.6269,         0;    
    2.6259,   -2.7761;    
    0.9481,    0.5511;    
    2.2370,    1.7445;    
   -0.5923,   -2.7761;    
    1.9628,    2.8027;    
    2.2370,   -2.7761;    
   -1.1384,   -2.2171;    
   -0.2701,    1.2464;    
    1.9628,   -0.5885;    
   -2.9369,    2.9243;    
   -0.2701,    1.4013;    
    1.3606,   -0.8842;    
    0.2933,   -0.2792;    
    0.2933,         0;    
    0.2933,   -2.7761;    
   -0.2701,   -3.0484;    
   -2.7638,   -1.9031;    
   -2.4850,         0;    
   -1.8860,    1.7445;    
   -0.5923,    0.3226;    
    1.9628,    1.7445;    
   -2.9369,   -2.2171;    
    0.9481,    0.3226;    
   -2.9369,   -1.3962;    
    0.6269,   -2.2171;    
    2.8666,   -1.9031;    
    0.2933,   -2.2171;    
   -1.8860,   -3.0484;    
   -1.8973,   -0.8842;    
    1.3606,   -0.2792;    
         0,    1.2464;    
    1.3606,    1.2464;    
    1.1378,    1.4013;    
    2.1128,   -2.2171;    
    2.6259,    2.3240;    
    2.8666,    2.3240;    
   -2.7638,    2.3240;    
   -2.9369,    0.5511;    
   -2.4850,    1.7445;    
   -2.4850,    1.2464;    
   -1.3664,   -1.7931;    
    0.9481,    2.9243;    
    0.9481,   -0.5885;    
    1.1378,   -1.3962;    
   -0.9412,    1.7445;    
   -1.8973,    2.3240;    
   -1.8860,   -2.7761;    
    2.1128,   -1.7931;    
   -0.5923,   -2.2171;    
    2.6259,    2.8027;    
    2.1128,    0.5511;    
    2.2370,    1.2464;    
   -1.8973,   -2.2171;    
    2.6259,    1.2464;    
    0.6269,    0.8699;    
    2.6259,   -2.2171;    
    2.2370,    0.3226;    
   -1.1384,   -1.3024;    
   -2.7638,    1.7445;    
    0.9481,   -2.2171;    
   -1.3664,    0.3226;    
    2.6259,   -0.2792;    
         0,   -0.2792;    
   -2.4850,    2.3240;    
   -0.9412,   -0.8842;    
    2.2370,   -0.5885;    
    2.8666,   -3.0484;    
    2.6259,         0;    
   -1.8973,   -1.3024;    
   -0.9412,   -1.9031;    
   -1.8973,    2.8027;    
   -1.3664,   -0.8842;    
   -2.7638,    1.2464;    
    1.1378,   -1.7931;    
   -2.4850,   -1.3962;    
    1.3606,    2.8027;    
   -1.8973,    0.3226;    
    2.1128,    0.8699;    
   -0.9412,    0.8699;    
    0.9481,   -1.3962;    
    0.9481,   -2.7761;    
   -1.3664,    1.4013;    
   -2.7638,   -2.7761;    
    0.9481,   -1.7931;    
    1.3606,    2.9243;    
    1.1378,   -1.9031;    
    1.9628,         0;    
         0,   -3.0484;    
   -1.8860,   -1.3962;    
    1.1378,    2.3240;    
    2.8666,         0;    
         0,   -0.5885;    
   -2.9369,   -3.0484;    
    0.6269,    1.2464;    
    0.2933,    2.9243;    
    0.2933,    1.4013;    
    2.2370,   -1.9031;    
    1.1378,    1.7445;    
    0.6269,   -2.7761;    
    2.1128,   -3.0484;    
   -0.2701,    1.7445;    
   -2.9369,    1.7445;    
   -2.4850,    2.8027;    
   -0.2701,    0.3226;    
    2.6259,    1.7445;    
   -1.8973,    2.0433;    
    1.1378,   -2.7761;    
    0.2933,   -1.9031;    
   -0.5923,    0.8699;    
   -2.9369,   -0.2792;    
   -2.7638,    2.0433;    
    1.9628,    0.5511;    
   -1.3664,    1.2464;    
    1.3606,   -1.3024;    
   -0.2701,    0.8699;    
    1.3606,    0.3226;    
   -0.5923,    1.7445;    
   -1.3664,   -3.0484;    
         0,         0;    
   -2.4850,    0.8699;    
   -0.5923,   -1.3024;    
   -2.7638,    0.5511;    
    2.8666,   -0.2792;    
    0.2933,   -0.8842;    
    1.1378,   -2.2171;    
    2.8666,   -0.5885;    
   -0.2701,    2.8027;    
   -1.8860,   -1.9031;    
   -0.2701,   -1.7931;    
   -2.7638,   -0.2792;    
         0,   -1.7931;    
   -0.2701,    2.0433;    
   -2.7638,   -1.3024;    
   -1.8973,   -1.7931;    
    2.1128,   -0.5885;    
   -2.7638,    2.8027;    
    2.2370,    0.5511;    
    0.2933,   -1.3962;    
   -0.2701,   -1.3962;    
    0.2933,   -0.5885;    
   -1.8860,   -0.2792;    
    0.2933,   -1.7931;    
   -2.9369,         0;    
   -1.3664,   -2.7761;    
   -1.1384,    0.8699;    
    2.8666,   -0.8842;    
   -1.1384,   -3.0484;    
    1.3606,    2.0433;    
   -2.4850,    2.9243;    
   -0.5923,   -1.3962;    
   -1.3664,    1.7445;    
    2.2370,    2.8027;    
    1.9628,   -2.7761;    
   -1.1384,   -0.8842;    
         0,    2.0433;    
    0.6269,    0.5511;    
   -1.1384,   -1.7931;    
   -2.7638,   -1.3962;    
   -1.8860,    1.4013;    
   -0.5923,    2.0433;    
    2.8666,    2.8027;    
    0.2933,    0.3226;    
    2.1128,   -0.8842;    
    0.2933,    0.5511;    
    2.2370,         0;    
   -1.1384,    2.9243;    
    0.9481,   -0.2792;    
    0.9481,    2.8027;    
   -0.2701,    2.9243;    
   -0.9412,   -2.2171;    
   -0.5923,    1.2464;    
    1.9628,   -0.8842;    
    0.9481,         0;    
    2.6259,   -1.9031;    
    2.6259,    0.8699;    
    2.8666,    2.9243;    
   -0.9412,    2.9243;    
    1.3606,   -1.9031;    
    1.1378,   -0.2792;    
