
patterns = [

   -0.2701,    2.3240;    
    2.8666,   -2.7761;    
    1.9628,    1.4013;    
    1.1378,    2.9243;    
   -0.9412,    2.8027;    
   -0.5923,   -1.7931;    
    2.1128,   -1.3024;    
    2.8666,   -1.7931;    
    1.1378,    2.0433;    
   -1.8860,    2.9243;    
   ].';


expected_outputs = [
  0.0927, 0.0012, 0.0013, 0.0002, 0.0369, 0.0402, 0.2423, 0.0157, 0.0039, 0.0118 ];




